402
404
415
421
427
437
445
447
452
459
467
468
474
485
491
496
504
512
520
522
526
537
540
549
554
558
564
573
580
586
590
597
600
612
615
621
627
634
643
649
655
659
668
675
691
696
705
705
711
718
721
735
743
757
765
767
779
787
792
794
796
799
815
819
822
833
834
841
851
859
863
867
869
870
870
878
878
880
886
880
885
896
899
899
904
903
903
912
905
904
916
911
913
911
907
912
912
906
905
901
901
893
899
903
904
905
904
909
909
905
901
902
898
896
895
886
884
877
870
861
862
865
865
863
864
865
865
866
864
862
863
863
857
856
852
853
855
856
858
854
856
859
864
864
862
855
855
854
852
856
850
850
847
845
841
842
833
833
832
833
830
838
838
837
832
827
829
822
827
818
816
818
815
814
814
818
818
817
819
821
818
819
820
821
824
824
821
819
813
807
805
797
791
797
795
793
789
791
795
791
791
779
782
766
764
766
767
767
767
766
764
761
760
749
749
750
745
741
736
734
736
729
728
727
737
734
737
736
739
744
747
749
750
751
752
749
755
753
754
763
755
751
758
754
758
757
760
763
764
763
765
760
768
766
759
750
754
753
756
757
762
775
769
771
779
782
783
790
788
784
789
798
802
805
806
805
813
816
823
823
827
835
838
846
846
840
844
849
860
860
862
859
864
863
861
862
860
858
859
857
857
855
853
850
844
845
853
852
853
853
850
851
856
850
852
855
854
857
854
857
851
859
861
852
854
848
848
845
842
836
833
825
821
824
817
805
804
809
807
812
811
811
816
814
811
819
816
819
821
815
817
820
819
816
823
821
827
827
819
816
817
820
819
817
820
819
817
826
827
827
825
808
812
814
813
805
803
806
808
799
797
803
802
801
800
797
794
794
793
792
786
793
792
793
788
794
789
786
787
784
785
786
797
801
802
794
794
794
794
796
799
794
795
804
794
793
791
792
790
797
789
788
785
782
779
785
775
777
774
777
775
772
775
771
757
753
762
756
768
770
779
788
786
790
792
786
790
790
793
793
802
807
806
813
814
818
817
824
823
832
828
821
826
822
820
821
816
820
824
818
817
811
811
814
816
816
819
817
818
819
822
820
820
829
830
835
829
832
822
826
829
824
829
825
832
832
833
838
846
843
845
848
844
849
848
849
843
843
841
844
854
859
857
852
853
848
860
863
859
859
866
858
867
866
873
874
875
871
882
884
879
885
892
884
889
886
884
889
888
897
894
895
900
896
891
887
887
888
894
898
901
894
885
887
885
889
893
899
892
890
897
899
902
896
891
894
893
892
892
888
880
884
887
884
878
882
883
876
884
879
875
883
880
882
883
887
881
883
883
870
865
861
855
857
861
858
850
847
844
843
845
842
825
820
824
818
828
824
816
815
824
823
825
826
824
825
827
831
832
837
829
828
832
829
827
828
831
833
830
839
842
839
838
830
828
833
841
834
833
825
827
825
820
821
812
806
800
794
784
787
792
797
796
800
806
802
805
806
808
805
794
794
789
787
779
773
778
779
779
778
775
778
797
795
794
794
787
792
794
791
789
786
783
793
791
787
791
797
780
783
785
784
793
788
802
806
804
816
819
814
809
809
807
808
812
811
810
807
803
802
802
798
799
798
802
807
808
809
813
812
817
816
817
816
817
812
812
808
800
805
803
798
797
799
808
813
813
812
815
810
811
813
811
811
821
817
817
819
817
818
826
823
818
814
816
819
814
806
806
806
805
805
805
802
802
804
803
801
797
797
798
802
791
793
786
785
779
783
780
787
791
795
797
798
796
798
801
794
792
792
792
785
773
769
762
771
767
776
770
766
768
765
754
752
760
754
758
752
754
762
764
766
765
758
759
761
750
746
751
743
743
742
743
731
736
739
744
743
744
745
743
747
748
740
740
739
742
735
732
733
732
731
733
726
726
731
730
729
734
729
727
724
725
726
714
718
717
712
715
716
718
720
714
710
714
716
709
709
710
708
709
713
711
708
706
712
705
707
710
706
710
712
712
707
708
711
704
701
707
701
708
702
706
703
708
703
712
709
711
713
709
713
716
707
709
710
702
704
709
709
705
704
706
704
707
704
705
709
712
712
708
708
713
708
701
706
702
702
693
693
693
691
689
692
688
683
690
686
685
688
695
694
695
694
695
702
703
702
699
698
700
694
699
700
698
692
690
692
695
691
696
695
704
700
701
699
699
705
708
704
704
711
706
708
705
702
695
700
699
700
706
705
705
705
706
715
707
707
710
714
710
709
720
720
725
719
721
725
720
719
719
727
722
724
723
723
720
718
716
719
713
716
717
723
718
719
721
722
722
725
720
719
717
713
711
714
713
710
711
703
694
695
685
691
695
690
693
698
694
698
695
693
695
692
696
695
693
692
699
705
702
702
695
701
692
691
687
687
689
695
696
699
701
699
711
708
707
710
710
710
714
714
722
720
713
717
727
730
730
732
731
736
736
732
741
741
739
741
742
741
741
747
758
758
767
764
758
761
770
775
776
775
771
775
777
786
785
782
775
777
778
776
777
780
781
788
791
793
793
793
793
802
807
798
801
806
810
811
808
806
810
808
808
812
807
798
798
799
801
797
796
799
790
786
790
787
791
787
790
790
791
791
794
795
794
789
794
795
792
787
785
782
771
770
770
764
769
771
774
783
782
785
780
787
788
789
787
785
782
783
783
798
798
795
793
798
792
796
792
793
798
797
797
791
797
799
795
799
801
790
792
799
796
799
799
796
796
796
797
788
790
792
787
790
791
791
793
784
790
789
794
797
802
798
799
799
795
797
791
793
794
792
791
794
794
802
800
805
803
806
799
799
797
795
797
800
797
800
805
801
801
803
799
806
802
803
805
807
811
815
811
807
803
803
805
807
802
802
806
810
814
812
820
819
821
824
819
818
816
817
820
822
821
814
820
817
820
819
818
820
817
822
814
825
829
835
834
832
829
831
830
831
833
840
838
845
844
843
840
839
844
845
846
844
841
839
840
841
844
850
847
842
843
840
836
838
843
848
858
862
864
866
862
866
865
863
865
864
864
864
862
851
854
854
860
861
863
863
859
858
853
855
852
850
862
868
866
865
869
869
870
864
869
869
871
875
876
876
873
871
878
871
872
860
852
862
854
857
860
860
857
857
862
866
868
861
866
866
872
868
865
870
869
866
867
857
857
856
854
856
855
853
859
863
859
859
866
861
865
855
850
845
844
845
852
852
855
861
849
850
851
845
841
838
833
839
845
844
849
845
843
844
849
851
846
846
838
836
840
833
835
835
833
833
828
831
826
833
833
838
833
841
837
839
838
844
835
834
836
838
834
828
847
846
851
849
853
858
852
857
853
860
862
862
858
867
861
868
872
874
868
867
864
868
870
872
874
869
873
877
872
876
873
867
868
873
874
880
880
880
884
886
878
878
877
881
868
876
871
871
874
876
873
876
880
882
877
874
876
873
864
860
860
862
859
859
856
865
864
856
858
839
838
840
843
837
837
836
833
850
857
853
854
854
852
855
861
861
864
871
877
877
866
874
879
880
872
873
875
878
889
887
887
890
892
896
897
899
899
900
898
906
905
913
909
910
912
912
904
910
909
915
911
914
917
920
923
927
918
917
916
918
922
917
920
918
914
914
914
916
917
913
911
905
909
905
900
912
920
920
916
914
916
915
916
913
919
916
913
909
909
910
913
908
913
920
909
904
900
899
900
902
906
915
912
910
920
926
932
929
922
922
919
916
918
917
914
916
914
918
913
910
909
915
908
899
905
912
908
909
914
919
926
920
927
924
927
926
928
924
924
925
934
938
938
941
935
938
939
941
938
938
934
930
935
933
939
935
937
941
938
938
936
939
934
943
944
945
940
933
937
935
935
934
934
939
938
936
937
928
921
912
912
921
915
918
916
919
918
922
917
915
919
920
917
919
917
916
915
906
914
907
913
904
905
898
895
904
906
900
905
907
903
907
913
918
917
916
922
913
913
916
908
909
904
902
904
900
897
906
907
898
896
897
894
892
894
889
889
889
888
890
892
896
896
891
893
888
904
896
894
901
892
891
889
894
884
875
883
882
885
892
899
894
897
897
898
898
902
897
893
891
891
887
885
885
881
876
881
884
889
888
884
883
883
881
877
879
879
882
886
881
874
869
865
873
864
870
875
870
866
862
854
854
861
858
857
859
852
853
847
841
846
849
845
832
837
846
847
855
847
838
838
838
837
838
837
841
842
842
841
844
844
835
831
833
830
830
830
829
828
824
822
820
818
818
825
838
839
841
841
837
834
831
835
841
840
842
848
843
839
844
840
832
831
830
835
834
835
833
834
836
837
839
849
851
849
854
855
861
863
861
867
864
871
868
867
869
873
861
861
859
857
858
860
875
875
870
865
862
866
867
867
866
871
871
864
859
856
865
862
864
859
855
855
855
860
854
860
862
864
863
864
864
868
868
860
864
863
864
869
873
880
881
879
878
882
877
891
891
889
889
884
892
893
891
892
898
889
889
887
884
884
875
875
869
865
867
867
871
866
864
878
879
883
883
881
889
875
882
880
879
881
868
869
871
867
864
858
857
851
849
850
851
851
854
850
848
844
846
849
857
857
858
857
862
860
855
854
856
858
855
853
856
860
860
861
855
861
857
858
854
852
847
842
843
842
829
837
834
829
829
819
814
816
812
819
818
831
832
827
821
821
825
826
828
828
828
831
837
843
838
839
835
837
839
829
834
833
829
840
837
833
826
820
821
825
824
830
824
818
808
810
813
817
815
813
813
807
804
795
797
795
789
790
793
788
787
787
793
797
787
783
784
782
787
798
798
799
798
802
816
811
817
814
822
815
820
824
824
828
824
828
834
832
839
834
825
822
823
821
829
826
828
828
821
827
832
835
839
835
830
835
835
836
838
842
842
839
836
839
834
842
845
845
844
850
848
842
845
841
846
847
850
851
853
859
849
855
856
857
858
861
866
867
870
867
868
869
868
875
875
878
878
885
872
872
872
867
866
868
870
875
873
865
863
864
852
852
863
869
870
876
877
874
887
887
881
884
884
885
884
892
895
906
904
903
901
897
901
916
913
904
908
913
918
914
917
918
917
919
927
925
934
930
931
936
935
935
941
948
951
952
963
967
971
975
976
973
967
964
964
969
968
961
965
965
947
948
946
945
947
941
946
939
936
934
928
934
941
941
945
946
944
942
941
939
938
938
930
936
934
935
938
936
942
939
936
934
934
932
939
935
936
938
934
945
945
946
944
943
943
942
943
942
938
948
948
948
946
948
945
947
948
950
952
943
943
951
950
951
945
950
952
950
947
942
944
942
936
941
938
940
939
935
930
931
931
933
934
928
933
931
932
933
932
940
945
943
942
946
952
960
954
949
940
934
918
918
916
920
921
924
926
915
918
916
920
924
925
925
910
911
918
917
919
911
922
932
933
939
933
937
930
928
930
944
944
945
950
948
946
941
935
930
949
949
936
934
926
932
927
926
924
924
938
939
942
947
944
945
947
948
953
950
949
949
943
946
944
940
940
934
940
937
936
933
939
940
936
935
938
941
935
924
927
920
930
929
930
916
922
920
918
932
931
931
932
934
936
932
922
922
929
934
933
937
934
932
936
934
931
942
935
936
938
937
943
947
951
955
954
948
950
939
942
945
937
940
934
937
934
944
939
939
936
932
936
935
929
934
936
938
933
931
931
923
925
920
926
915
912
909
906
907
902
902
900
899
900
898
893
900
895
890
891
889
882
880
878
873
874
879
880
882
882
875
875
866
861
862
863
861
862
865
865
862
854
854
853
851
843
843
838
842
843
838
847
846
841
845
840
844
846
843
843
834
839
840
830
835
839
838
842
838
831
836
842
844
844
829
822
822
818
820
819
827
826
826
826
827
829
830
833
838
837
835
835
833
829
830
831
830
833
825
827
832
837
829
825
823
828
824
815
807
809
816
824
820
821
823
821
819
825
822
824
820
813
808
808
803
803
812
814
819
819
818
818
823
820
816
816
813
810
814
810
817
819
819
821
828
829
824
816
826
824
824
823
826
822
829
830
827
830
830
835
836
835
836
832
852
852
854
845
852
854
854
855
852
852
852
847
848
848
844
840
843
844
839
836
833
835
834
832
829
825
821
827
831
826
832
831
830
834
831
825
826
828
816
813
814
812
811
810
810
801
800
802
808
808
807
807
804
811
805
812
811
811
813
803
805
815
816
818
820
826
829
832
825
832
834
840
849
855
850
864
865
864
863
859
850
866
865
856
861
860
866
855
868
870
868
870
869
872
873
877
878
882
875
883
889
885
881
886
885
888
882
881
885
886
883
882
884
883
883
892
892
899
889
892
891
890
888
887
886
885
893
902
901
901
900
896
912
914
915
915
915
923
930
929
929
923
929
929
929
928
928
928
921
926
924
920
925
920
922
917
917
920
919
922
920
910
918
919
913
921
921
924
935
934
935
937
932
936
939
932
932
934
924
929
923
919
924
918
914
915
914
915
915
924
922
920
916
913
914
914
917
917
920
914
911
919
928
926
928
925
921
926
925
925
926
931
924
924
917
913
917
912
914
914
912
912
906
891
894
884
880
882
881
883
885
883
878
880
866
867
869
865
860
856
861
862
858
856
847
846
840
826
832
833
833
838
842
845
847
839
842
844
857
859
866
868
870
866
863
867
860
856
856
856
851
856
855
852
862
862
857
859
859
861
859
861
863
856
855
854
850
858
852
849
848
846
846
843
843
847
849
852
850
848
856
855
858
865
869
864
867
874
880
874
872
869
875
870
872
873
875
873
875
872
879
878
877
880
881
883
883
883
887
900
896
889
889
891
892
896
900
902
905
903
902
910
910
905
907
910
917
914
919
920
927
936
930
932
930
925
930
928
928
928
934
930
931
927
926
926
922
916
913
924
930
933
941
947
948
948
949
954
957
956
958
973
968
954
957
960
962
959
961
963
981
974
971
973
971
972
970
973
980
980
987
990
992
989
986
1001
1003
1006
1007
995
998
1002
991
988
997
992
994
992
996
994
997
996
995
990
984
981
986
987
989
994
993
997
997
992
1005
1002
1010
1016
1022
1027
1027
1030
1024
1020
1022
1024
1025
1027
1028
1032
1026
1020
1019
1022
1016
1006
1011
1012
1009
1004
1009
1003
1005
1009
1003
1003
1005
998
1000
1005
1009
1007
1013
1010
1004
1003
1002
1001
1008
1005
1001
1009
1012
1006
1004
995
1007
1006
1006
998
992
985
988
995
1004
1005
1000
991
994
990
984
984
974
976
969
957
959
949
945
950
945
943
939
945
943
940
940
941
948
950
949
944
950
954
951
950
954
956
959
963
955
955
959
958
973
980
989
991
996
1003
999
1004
995
1001
999
1003
997
994
992
992
991
993
989
995
992
983
988
977
980
976
981
984
981
981
965
963
959
951
956
963
959
959
971
975
972
973
971
964
957
958
953
951
960
952
954
944
944
939
936
931
933
928
925
928
929
927
925
920
915
908
912
920
920
928
935
930
925
922
917
919
919
915
932
930
932
933
932
928
922
925
926
927
923
916
915
911
913
909
913
908
905
902
906
904
903
896
900
900
897
896
893
892
896
896
884
875
874
877
876
877
875
871
867
874
879
878
872
874
870
867
870
869
869
863
873
876
875
871
869
866
873
873
869
867
866
868
866
851
849
844
853
855
850
851
848
849
842
845
839
837
828
828
833
831
833
824
822
818
828
829
829
829
826
828
828
829
829
826
835
833
827
831
823
824
820
808
811
816
822
827
829
831
830
829
830
833
830
820
823
828
828
827
828
822
823
829
831
836
836
844
839
841
840
845
845
847
847
844
848
851
843
841
838
837
834
832
831
839
846
850
849
844
844
845
841
847
856
860
865
858
857
854
853
854
859
867
873
875
877
881
877
880
884
887
887
894
894
899
905
906
905
906
904
911
912
911
907
908
905
907
904
903
905
905
894
891
898
897
899
908
907
907
902
906
911
908
903
906
902
903
906
899
897
903
905
920
916
914
918
914
908
908
909
906
896
887
886
889
887
886
885
891
883
884
888
889
891
890
887
879
880
872
875
870
861
858
855
848
852
849
850
847
839
836
826
828
825
826
824
820
819
817
820
810
811
806
806
794
793
793
791
793
790
793
795
793
789
786
789
790
784
785
787
786
789
791
804
808
803
813
813
815
811
809
812
809
816
812
810
810
810
810
814
809
808
818
811
802
806
803
809
817
815
819
816
814
813
808
797
798
788
793
786
787
797
801
798
798
792
788
790
795
796
789
785
776
784
783
778
771
780
784
785
783
788
789
789
793
794
795
801
800
804
801
797
800
805
799
801
800
801
798
801
792
785
792
782
785
789
788
795
786
789
799
797
795
785
784
784
788
793
795
805
808
804
804
793
797
798
797
798
796
796
794
803
805
804
808
811
816
828
828
824
823
819
819
817
816
822
823
822
832
833
834
830
834
832
839
846
844
841
846
847
845
838
846
848
857
860
867
867
871
869
868
866
871
870
869
868
870
862
863
863
861
860
863
868
866
862
859
860
864
861
863
862
857
860
854
858
858
857
862
860
866
865
861
867
869
873
874
875
880
869
864
864
856
859
864
871
879
875
868
871
863
864
862
866
856
853
856
843
842
840
832
837
831
830
828
828
819
817
814
820
819
823
825
820
819
821
824
824
823
829
832
836
842
835
836
833
829
827
823
823
827
816
815
818
822
820
818
819
811
817
812
815
815
823
826
829
830
828
832
822
824
824
821
829
829
828
828
822
819
817
818
817
826
823
818
822
827
829
828
816
813
807
820
815
815
814
807
808
809
807
821
818
819
810
813
808
806
801
803
800
794
802
805
808
811
812
810
812
812
815
814
814
811
813
819
817
812
818
824
823
825
821
823
819
813
818
809
800
819
815
804
805
810
819
821
812
816
816
811
812
809
810
810
810
805
804
807
803
802
799
801
808
809
808
811
822
824
829
830
834
836
832
833
831
845
846
846
837
840
838
823
814
819
815
815
812
811
810
823
822
825
824
814
825
827
827
826
841
847
843
840
839
839
846
840
842
846
847
852
848
847
854
854
845
843
838
848
846
842
839
848
857
857
857
849
846
847
845
853
852
852
849
836
834
832
837
830
830
828
829
829
837
843
835
835
837
853
855
858
862
867
861
855
856
863
861
858
863
855
855
851
865
861
863
862
859
865
865
864
868
867
867
880
885
889
893
890
899
903
901
895
893
887
893
889
883
890
896
894
889
888
889
897
893
887
888
892
897
906
906
910
904
902
903
901
904
901
900
898
898
906
900
898
902
909
911
917
913
913
916
911
918
925
929
916
916
915
917
922
920
920
916
917
923
920
918
927
918
915
913
916
914
921
921
919
920
919
919
911
912
916
913
905
912
904
903
910
916
919
922
920
920
918
922
924
924
923
919
917
922
920
924
925
925
924
919
927
937
936
925
925
926
930
931
932
934
938
929
927
924
924
933
927
928
923
920
904
903
911
911
911
913
926
930
929
929
930
929
928
935
941
938
931
928
932
928
925
925
930
924
923
926
926
916
905
904
902
910
917
921
925
924
925
926
930
930
927
930
926
927
930
924
921
927
931
937
924
928
913
914
907
904
912
913
917
919
918
914
913
909
911
909
901
903
912
909
908
910
909
910
913
923
908
907
906
913
910
907
904
899
897
907
909
901
896
909
909
899
893
892
889
897
895
897
896
896
902
899
902
901
899
904
907
911
915
915
914
908
930
921
917
921
924
918
922
929
930
928
927
934
928
932
927
932
934
932
932
929
928
933
931
940
941
946
940
941
938
940
940
941
943
940
935
945
943
942
943
943
947
943
943
937
935
933
933
940
939
940
939
940
932
937
935
943
948
949
954
960
963
969
964
968
960
961
957
955
951
947
948
952
949
955
955
962
963
971
973
972
969
971
983
978
980
985
986
977
981
982
986
971
973
977
977
974
967
962
970
971
968
962
965
961
961
960
958
949
952
955
951
959
958
948
945
948
947
942
939
937
926
938
939
934
938
935
934
937
943
943
938
938
933
937
941
940
930
926
924
923
927
926
921
927
922
929
926
926
922
928
924
922
917
917
911
916
912
913
917
919
921
919
918
921
921
917
914
914
920
922
918
931
933
930
926
931
926
928
922
920
919
920
920
919
909
904
900
904
900
914
919
910
911
911
917
910
912
896
891
891
888
878
874
873
875
884
875
869
864
864
862
864
865
873
872
878
874
884
886
888
888
883
879
880
881
883
884
879
881
883
884
876
868
870
878
875
877
878
880
877
875
870
873
861
865
867
870
875
877
874
875
873
873
872
876
880
883
894
893
880
885
888
885
879
896
893
894
904
903
906
902
898
904
899
908
907
911
914
917
921
920
920
918
924
928
932
943
944
943
946
938
938
936
941
945
942
936
942
939
933
934
933
925
931
927
933
925
926
914
912
919
924
919
922
924
924
934
936
927
929
931
928
922
921
930
935
932
939
936
941
944
943
942
943
951
956
963
962
962
967
968
963
969
965
966
958
959
956
958
956
951
964
959
960
957
958
955
950
948
957
955
957
958
956
957
956
955
957
958
961
961
955
955
952
948
949
945
942
946
937
934
939
930
923
921
926
927
927
924
925
927
929
933
931
939
943
947
945
937
938
941
937
941
946
941
943
942
938
939
942
940
930
926
932
927
923
912
921
917
922
916
919
910
917
921
922
918
918
916
919
923
929
939
938
935
934
931
919
920
918
920
919
914
911
910
910
913
920
917
929
937
943
945
944
945
947
948
955
957
960
967
966
965
963
953
952
955
956
952
941
950
953
954
959
956
948
946
951
945
947
949
949
951
959
956
949
947
946
950
949
948
947
941
943
954
952
952
955
961
960
963
961
945
949
949
946
942
936
942
937
935
932
930
926
925
929
928
928
924
921
922
920
920
928
923
928
924
922
927
926
927
928
927
927
928
925
926
920
918
914
917
909
908
907
905
915
905
907
907
920
916
911
918
911
907
909
909
909
912
919
914
918
920
923
920
917
915
915
917
941
942
943
940
932
931
928
926
931
929
932
930
921
925
921
917
907
902
908
914
916
913
917
919
921
919
914
914
916
909
909
907
907
896
892
896
900
895
901
889
875
872
872
881
883
888
884
880
884
878
880
876
884
880
875
883
884
875
872
871
867
871
875
880
873
874
876
875
874
872
871
863
862
863
862
863
859
864
867
868
865
869
876
876
879
879
879
881
884
885
887
893
895
899
898
902
904
902
906
904
899
901
905
894
896
901
904
903
903
906
906
910
911
918
915
913
916
915
917
925
925
933
945
942
933
939
935
932
928
926
926
928
928
926
922
924
916
917
912
911
914
911
912
914
911
910
913
909
907
913
908
906
907
916
914
911
907
905
902
901
902
898
903
902
893
887
891
897
892
891
891
891
888
889
881
880
879
885
886
889
883
880
875
874
876
880
873
868
869
872
872
872
878
875
876
866
861
858
860
858
854
850
849
845
840
842
843
846
849
848
853
853
852
845
849
842
843
841
835
832
831
837
829
829
826
826
818
818
815
821
811
818
817
800
811
806
814
817
820
821
816
818
816
813
809
806
806
804
808
812
813
809
812
813
816
812
808
804
808
807
810
813
812
808
810
810
816
827
834
819
822
823
826
828
829
819
819
812
806
807
797
797
794
796
796
802
806
810
807
811
814
814
816
814
811
813
817
821
819
820
818
813
816
814
814
816
823
825
825
828
832
833
834
822
818
811
811
814
822
830
838
842
830
837
839
836
840
843
833
830
827
828
827
819
819
817
822
821
828
824
821
828
828
833
832
834
834
832
830
835
838
841
841
833
839
841
841
840
841
837
837
840
841
844
841
841
845
846
849
851
850
847
843
842
842
846
847
842
845
845
843
842
843
848
849
845
843
835
838
833
832
832
830
828
829
831
837
839
855
849
844
847
844
844
841
836
833
833
834
835
834
823
815
824
832
826
823
823
821
819
823
818
808
808
813
810
816
820
817
813
809
812
811
807
804
809
811
813
812
812
802
800
805
806
806
805
807
802
801
800
807
803
816
812
806
805
812
819
820
820
818
817
810
806
809
804
803
802
798
800
793
799
792
788
782
779
786
780
776
778
777
772
777
783
782
783
781
775
774
774
769
761
758
741
743
746
749
751
751
753
754
754
749
747
748
749
748
749
750
746
746
741
746
746
739
737
728
733
728
730
730
731
733
735
732
736
735
727
722
712
707
715
715
716
713
713
711
715
718
717
719
716
719
719
719
722
723
719
721
719
726
725
735
741
742
745
741
748
744
742
741
736
734
736
733
738
740
736
735
732
733
746
745
753
750
746
747
744
744
749
753
745
746
745
747
752
744
744
742
743
746
753
755
760
757
756
755
755
754
750
753
748
747
746
747
747
753
749
744
744
743
747
754
757
759
765
766
767
769
773
775
777
770
779
785
789
787
779
778
785
787
790
788
787
786
788
780
777
776
779
780
780
782
784
786
793
794
793
790
788
780
782
781
780
783
784
778
782
779
777
782
778
771
770
773
782
785
787
788
787
783
775
770
771
772
762
763
761
762
765
766
767
775
770
776
772
774
776
771
775
777
773
776
776
774
779
779
777
779
780
780
777
773
770
771
770
768
769
755
749
744
753
755
753
745
746
741
741
738
739
737
737
734
737
735
727
731
735
738
735
730
733
741
738
743
739
737
737
732
731
730
723
725
723
719
719
727
732
723
725
725
724
723
718
719
721
721
711
715
717
716
712
718
712
709
705
701
692
694
693
696
696
698
692
690
691
686
691
702
703
702
694
695
692
697
706
706
709
704
703
697
702
708
709
710
713
719
716
712
720
723
724
720
721
725
721
723
725
729
733
735
736
742
740
744
733
733
728
725
732
737
741
746
748
750
750
753
753
750
756
757
764
764
765
761
767
760
762
760
757
755
762
768
769
769
769
773
771
773
770
772
770
772
777
765
765
767
767
771
774
784
782
779
777
783
778
778
780
777
774
779
783
777
783
783
784
783
779
778
784
784
788
796
789
782
780
786
793
792
791
789
789
789
791
794
790
791
803
798
797
794
796
802
802
805
805
806
813
820
825
821
826
826
824
826
831
823
818
821
816
820
816
809
808
808
803
800
801
801
804
801
799
797
797
795
796
799
803
804
810
818
819
817
812
819
817
812
810
810
805
802
799
807
806
797
798
805
809
812
808
817
818
819
825
826
823
826
822
821
822
813
814
817
813
813
811
815
814
818
812
805
807
806
804
799
806
809
810
812
806
816
812
804
803
803
802
808
808
813
815
815
810
807
810
814
810
816
809
810
803
806
796
795
792
798
796
792
789
791
789
788
779
778
780
787
788
779
780
783
777
777
789
790
787
786
790
799
799
807
796
799
800
799
805
803
817
812
806
811
815
820
818
819
819
816
821
813
815
818
817
824
824
820
824
824
827
834
843
848
848
847
841
843
846
847
849
854
856
850
849
850
850
850
852
849
853
848
856
852
850
840
842
846
849
838
835
841
841
842
842
841
843
837
830
834
836
832
831
829
830
826
819
810
797
795
797
806
806
811
814
813
814
812
806
811
815
818
819
821
824
829
826
842
832
830
827
829
826
827
820
817
810
798
799
801
805
810
808
808
819
816
819
820
822
828
825
823
824
827
828
831
833
837
834
831
827
826
833
833
833
837
833
833
837
835
833
841
843
848
845
838
842
833
837
836
835
825
824
831
831
833
840
833
823
819
825
823
827
818
817
816
820
823
820
821
815
816
830
827
831
823
822
825
826
827
827
831
830
830
830
833
833
831
835
833
830
824
822
833
827
829
830
833
826
818
821
815
816
820
825
830
829
826
819
810
801
794
795
795
799
795
795
799
800
802
792
791
794
791
792
797
791
779
775
772
780
781
780
773
771
766
766
762
758
754
743
739
735
738
735
730
726
724
721
729
725
727
731
735
737
734
749
752
748
763
764
766
765
770
766
773
775
773
770
769
762
756
764
761
754
755
754
751
742
747
749
756
763
762
757
770
763
764
770
773
772
774
769
776
779
782
783
782
788
791
793
794
792
790
793
801
800
800
802
806
810
805
799
799
799
797
803
807
803
801
799
796
789
783
793
794
798
801
798
803
801
808
806
808
808
808
812
807
816
817
814
817
816
815
812
817
820
822
822
826
828
833
837
836
838
832
828
830
826
831
833
833
828
835
831
832
827
823
818
816
818
816
817
809
807
803
801
801
801
804
802
791
798
796
796
799
796
793
788
788
788
793
786
788
789
789
789
782
782
778
782
781
779
778
780
780
766
762
761
772
770
758
765
759
761
766
759
759
758
754
751
761
768
771
771
773
778
775
780
782
780
778
777
779
782
779
778
777
778
785
785
783
789
787
787
783
791
787
790
795
792
790
795
796
800
793
787
782
786
783
788
787
788
790
796
801
809
809
814
813
826
829
827
826
829
828
826
820
825
836
840
842
841
839
837
834
832
831
836
835
835
842
843
854
856
850
852
852
846
849
845
848
848
852
852
849
849
857
856
860
868
861
868
867
866
877
875
875
880
879
882
879
876
878
875
886
884
881
874
876
874
879
871
866
869
864
867
870
871
877
870
869
868
869
867
871
872
869
867
874
872
868
874
874
874
877
880
880
884
885
882
873
879
878
882
878
878
883
884
888
884
886
882
883
880
878
877
876
872
867
869
866
871
867
873
867
870
876
888
886
880
886
887
879
878
878
882
891
887
886
882
884
876
875
872
871
869
869
873
871
875
874
868
868
865
866
866
865
865
860
861
857
849
850
855
850
852
851
845
848
847
843
845
832
836
841
853
853
852
854
847
853
849
852
856
849
852
857
858
860
858
855
859
860
860
862
861
867
864
860
860
849
843
840
841
844
843
833
841
843
839
840
839
837
841
843
845
847
845
845
840
833
840
840
863
857
862
852
854
857
856
865
866
871
870
865
869
873
876
877
879
887
888
894
895
893
883
888
893
895
892
889
888
880
878
881
878
872
876
869
869
877
877
879
887
884
886
889
891
897
899
901
900
893
906
894
897
893
890
889
894
895
890
893
897
894
891
894
893
892
899
899
900
901
906
911
914
917
916
920
919
923
923
923
914
910
908
901
902
896
902
900
896
899
897
897
894
894
895
901
899
897
890
894
893
894
891
895
900
893
889
886
887
884
885
878
877
873
875
877
869
875
869
860
860
865
872
872
876
874
876
882
880
885
891
892
882
881
878
874
885
884
889
887
895
890
894
894
892
897
898
896
901
900
900
897
893
888
882
875
869
860
860
860
874
870
869
879
876
877
882
880
876
881
881
875
877
877
880
871
875
873
880
884
890
887
887
882
889
889
891
886
880
881
875
880
881
877
877
872
875
874
870
870
864
866
862
864
867
868
877
871
876
870
865
865
859
860
856
854
845
842
845
844
845
838
838
842
843
845
851
858
849
851
856
853
859
862
859
859
856
859
855
865
868
868
864
867
868
861
856
862
870
869
880
886
883
885
883
883
878
882
879
880
874
885
891
886
889
890
892
892
894
896
893
891
891
884
869
874
873
869
861
862
862
862
866
872
874
871
874
869
872
863
862
859
871
866
873
867
867
874
876
866
868
866
872
880
883
887
885
888
888
892
893
890
882
882
879
878
881
885
881
871
874
877
860
862
862
861
863
856
857
851
849
854
852
853
850
843
851
852
849
854
851
845
850
858
860
858
861
864
869
873
863
869
873
874
874
875
865
872
874
882
885
886
882
889
884
889
887
888
895
891
897
901
899
904
904
895
893
888
886
890
897
904
898
897
898
901
908
903
907
906
907
908
910
911
917
911
908
922
927
920
921
920
930
927
929
926
931
938
945
946
944
942
947
941
938
939
939
942
939
940
941
940
939
938
942
942
950
950
951
949
935
940
938
942
937
944
950
950
955
954
958
956
1094
1113
1125
1127
1133
1129
1133
1138
1152
1152
1153
1151
1141
1146
1150
1150
1153
1161
1171
1168
1225
1641
1868
1881
1887
1879
1878
1899
1904
1916
1921
1926
1930
2294
2333
2363
2486
2765
2780
2797
2799
2946
3181
3969
3976
3979
3991
4416
4660
5269
5699
5937
5955
5958
6181
6230
6232
6229
6230
6234
6237
6237
6236
6239
6244
6246
6250
6258
6254
6259
6530
6726
6738
6746
6751
6790
6803
6814
6827
6846
7099
7110
7139
7354
7535
8278
9402
10277
11490
12417
13656
14473
16126
16568
17099
17543
18152
18840
19163
20090
20699
21171
21723
22238
22672
23518
24026
24601
25072
25700
26232
26619
27494
27913
28874
29195
29775
30205
31098
31608
32215
32554
33114
33463
33841
34447
34921
35315
35721
36059
36733
37213
37811
38127
38662
39239
39717
40143
40985
41246
41698
42098
42541
42831
43554
43936
44542
45087
45306
46103
46581
47016
47668
48363
48906
49325
49728
50071
50979
51341
51715
52232
52645
53344
53797
54245
54706
54956
55471
55905
56452
56631
57008
57260
57575
57899
58554
58913
59413
59889
60132
60537
60764
61144
61442
61882
62024
62167
62872
63079
63295
63718
63896
64463
64748
64946
65182
65364
65515
65535
65535
65535
65535
65535
65535
65535
65535
65535
65535
65535
65535
65535
65535
65535
65535
65535
65535
65535
65535
65535
65535
65535
65535
65535
65535
65535
65535
65535
65535
65535
65535
65535
65535
65535
65535
65535
65535
65535
65535
65535
65535
65535
65535
65535
65535
65535
65535
65535
65535
65535
65535
65535
65535
65535
65535
65313
65299
65421
65230
65357
65167
65147
65272
65505
65334
65384
65535
65377
65527
65535
65535
65535
65535
65535
65535
65535
65535
65535
65535
65535
65535
65535
65535
65535
65535
65535
65535
65535
65535
65535
65535
65535
65535
65535
65535
65535
65535
65535
65535
65535
65535
65535
65535
65535
65535
65535
65535
65535
65535
65535
65535
65535
65535
65535
65535
65535
65535
65535
65535
65535
65501
65282
65077
64840
64630
64054
63719
63481
62965
62381
61833
61605
60890
60869
60379
60011
59703
59299
58922
58576
57900
57653
57245
56596
56272
55660
55438
55095
54713
54301
53846
53477
52998
52636
52134
51590
51067
50708
50392
50027
49625
49283
48906
48182
47936
47262
46844
46312
45971
45202
44507
43992
43477
42950
42434
41975
41353
40862
40259
39748
38869
38581
37960
37429
36943
36380
35863
35351
34823
34351
33859
33218
32760
32280
31981
31319
30657
30204
29702
29192
28758
27879
27221
26835
26131
25870
25332
24932
24352
23921
23508
23104
22396
21872
21621
20683
20317
19883
19157
18438
16724
15819
15079
14050
13718
13238
12488
11958
10870
9486
8782
8377
7905
7327
7131
6806
6440
6048
5582
5303
5279
4871
4536
4355
3769
3325
3216
2940
2665
2564
2399
2122
1860
1786
1783
1772
1678
1306
1289
1292
1001
960
940
938
937
929
926
926
924
932
929
929
930
928
923
924
925
924
923
921
914
911
915
922
918
922
924
922
934
937
935
938
945
942
943
938
935
934
936
942
941
947
953
952
950
948
950
953
948
948
940
947
941
932
933
932
932
929
929
925
916
912
905
901
890
890
885
873
875
877
874
873
876
873
871
865
872
867
860
858
863
857
856
850
852
852
852
854
855
851
848
850
846
843
844
846
847
844
837
834
834
834
832
831
832
831
827
818
823
822
823
825
826
830
833
834
826
827
825
821
820
816
816
812
814
813
812
808
808
809
812
813
804
808
810
807
802
797
808
808
805
796
793
802
801
803
802
798
805
811
811
809
802
799
798
794
795
798
793
794
791
789
788
789
794
787
777
778
781
782
779
778
770
774
770
763
770
774
776
769
768
767
768
764
758
750
752
756
755
751
745
749
749
744
743
746
741
746
744
746
749
746
741
748
748
739
743
740
738
736
739
735
743
746
749
750
750
747
748
748
747
743
743
745
742
739
740
733
730
735
740
740
745
749
751
749
749
751
748
745
745
746
742
746
748
749
750
749
755
752
757
760
759
764
758
759
757
760
756
751
758
759
760
765
760
764
761
765
765
767
765
770
773
771
767
759
757
750
757
758
751
759
766
763
765
772
775
775
785
782
777
777
781
783
786
781
789
783
782
772
768
767
766
768
761
759
763
772
767
766
769
769
764
766
760
760
762
758
764
758
759
758
756
754
754
750
746
749
744
744
748
751
747
743
746
758
759
758
759
757
764
766
768
766
769
768
765
763
762
762
764
765
773
769
771
768
778
779
786
789
789
796
794
790
788
791
796
791
796
799
795
798
800
796
800
800
799
801
796
800
802
812
803
804
806
811
806
804
809
810
812
811
812
812
809
807
804
807
805
805
802
808
807
808
810
812
820
823
816
819
822
824
822
823
827
829
826
825
828
829
827
827
825
830
827
828
829
834
829
833
835
832
839
841
832
828
826
823
829
824
822
820
820
809
809
816
822
817
829
828
831
834
837
837
840
843
845
838
829
837
825
826
826
828
828
833
826
823
826
819
818
822
818
818
822
822
819
814
818
811
813
809
812
818
819
813
815
805
801
798
796
794
799
796
800
800
801
801
798
800
802
800
806
806
805
809
811
806
813
813
815
824
820
821
823
825
828
825
826
827
826
832
825
824
829
824
818
821
827
825
824
827
827
833
827
825
828
827
831
832
831
830
833
824
820
823
819
818
819
815
817
820
809
813
804
809
805
803
809
814
823
816
820
812
803
800
797
803
800
804
810
809
818
814
812
809
807
813
808
801
807
813
815
808
807
809
815
815
811
810
812
815
809
812
806
805
798
795
799
797
796
795
798
797
804
803
805
806
802
809
809
813
820
821
821
824
821
825
819
817
819
818
815
817
820
824
824
821
822
829
831
833
836
834
845
846
844
851
850
855
860
856
862
855
850
853
861
866
868
873
875
865
867
869
873
874
874
866
869
866
866
868
861
853
864
862
876
874
883
885
888
891
890
895
897
899
899
899
898
893
895
898
893
894
892
896
894
895
893
899
893
902
902
903
902
902
898
912
912
911
913
910
910
918
924
934
926
929
927
923
918
923
919
916
917
911
915
918
922
923
922
922
927
920
925
919
919
935
934
937
941
939
940
939
939
947
941
950
946
948
944
946
941
943
950
949
946
946
947
938
942
946
946
947
945
947
952
939
935
935
936
932
933
928
926
919
920
919
918
926
928
925
931
935
930
933
936
931
935
931
933
924
924
920
921
918
917
918
918
907
906
903
902
900
892
886
884
881
879
871
867
867
865
869
866
865
850
851
848
850
856
855
852
855
853
849
847
841
840
838
838
836
832
840
838
836
838
844
844
844
838
836
831
833
825
830
829
831
836
832
835
834
834
831
832
834
828
824
824
827
828
830
837
830
828
828
832
833
835
840
842
839
837
835
832
836
839
837
842
841
839
848
844
846
847
850
847
844
847
844
842
839
833
835
836
836
836
832
829
827
819
819
820
819
813
814
811
818
820
824
825
826
823
811
813
813
818
811
811
811
813
814
818
813
813
809
805
803
795
794
794
800
802
808
805
804
804
809
807
808
809
811
802
807
808
807
808
810
810
810
814
810
808
809
811
813
813
810
808
813
808
822
830
829
825
821
820
821
827
831
823
822
834
828
834
836
842
845
847
848
854
865
869
869
870
870
876
880
870
880
884
887
892
892
896
906
903
904
900
905
908
902
906
903
906
906
912
910
916
913
914
915
914
917
921
923
923
925
932
931
932
931
925
926
926
927
921
920
927
928
926
920
917
919
916
921
929
928
922
924
924
919
924
930
927
930
930
928
930
922
925
921
921
918
916
906
903
905
903
898
896
899
899
909
914
914
912
911
910
909
908
906
902
904
905
909
910
914
916
922
933
940
934
935
939
946
943
943
941
945
956
961
961
954
955
957
952
961
957
961
960
956
954
953
951
955
954
954
954
960
952
951
945
935
933
940
938
940
938
938
944
945
942
936
932
924
920
917
906
907
906
903
903
894
898
909
901
905
901
894
890
883
883
878
878
872
869
866
867
867
865
869
874
874
874
873
870
876
868
859
859
856
865
864
868
862
855
852
845
844
841
842
846
842
841
834
832
829
827
823
825
812
813
810
823
824
817
809
806
806
803
805
806
806
807
810
818
817
816
812
813
820
823
825
825
822
822
828
837
836
826
827
822
815
822
816
821
825
826
828
826
836
846
845
839
842
839
835
841
838
833
831
841
838
835
829
832
835
829
834
824
825
822
828
832
831
832
838
832
840
837
842
844
851
853
848
849
855
851
854
848
845
844
843
843
846
851
847
848
848
844
842
836
837
836
834
833
827
826
827
827
822
819
813
811
812
806
808
805
803
805
806
812
816
814
817
820
825
828
827
831
833
830
835
837
833
833
830
812
831
836
837
837
828
829
831
828
831
833
833
834
832
830
829
831
827
834
833
830
827
829
826
834
831
840
837
844
848
854
849
849
857
853
854
861
862
858
850
851
853
851
849
844
858
855
850
851
853
866
861
864
866
869
869
871
866
870
868
868
866
864
857
849
851
856
856
855
858
856
850
844
844
845
847
846
841
839
840
838
844
841
842
847
849
843
840
838
841
840
837
832
829
831
832
836
834
835
831
839
839
845
842
832
839
842
838
835
834
828
829
831
834
837
832
837
844
846
843
844
847
848
857
855
858
861
864
865
871
869
871
869
863
866
862
866
861
868
872
866
868
869
863
856
855
859
858
864
861
865
858
860
857
875
873
878
875
880
882
892
891
893
897
892
897
900
900
903
896
899
893
893
897
896
894
892
896
898
888
886
881
877
871
874
877
877
881
884
880
876
887
880
881
879
870
873
876
870
869
870
874
877
875
872
881
880
880
884
889
887
887
889
887
887
878
878
876
879
881
885
884
889
885
890
896
897
896
901
910
913
912
909
905
907
903
906
912
908
910
905
890
891
890
885
888
882
884
884
884
880
871
868
862
862
866
860
856
860
856
858
853
862
860
863
865
863
864
860
854
856
851
857
845
850
845
843
839
835
835
830
823
823
816
818
817
821
820
817
822
824
831
831
833
834
843
845
840
841
846
843
839
837
832
835
828
836
833
834
829
836
821
821
823
823
827
813
810
817
809
811
812
807
806
811
805
805
803
801
796
797
794
796
795
794
798
799
794
791
791
790
787
785
783
785
783
790
796
791
802
796
799
797
801
805
804
803
804
808
802
810
814
814
813
815
813
813
813
814
813
811
812
813
813
810
810
808
809
811
810
804
797
806
803
802
804
812
818
812
815
809
823
822
819
827
824
819
824
826
829
825
827
833
831
838
837
839
840
836
836
838
829
832
836
843
833
835
836
832
835
830
833
829
825
836
832
835
833
836
830
827
824
821
831
829
833
833
834
834
833
831
834
832
835
836
835
840
831
839
841
841
849
844
843
839
839
838
842
845
846
844
846
851
855
861
859
857
858
860
866
861
862
869
867
867
864
865
870
875
877
875
897
904
899
905
897
897
898
896
899
900
899
900
905
907
912
905
909
906
907
904
912
911
906
904
905
895
895
898
889
894
897
906
918
915
910
919
924
921
930
935
938
934
935
935
940
937
939
937
938
939
933
938
932
936
927
928
925
934
936
934
931
935
941
940
940
947
947
945
949
945
945
951
948
942
941
941
944
962
958
952
953
959
961
962
958
963
963
969
972
980
985
990
1001
996
999
997
998
1000
1000
1007
1012
1011
1004
1003
1003
1004
1006
1008
1015
1008
1009
1011
1010
1004
999
996
1002
1004
999
989
989
981
981
981
976
974
973
975
978
974
971
977
982
975
970
967
968
976
976
979
977
976
976
976
974
969
962
966
960
960
954
943
948
941
947
940
943
944
943
945
945
942
938
939
939
937
939
937
938
934
935
940
944
941
943
947
946
946
940
942
934
924
920
908
913
905
906
902
903
900
900
900
899
901
895
896
887
883
883
881
882
877
873
875
868
864
853
855
851
844
844
852
853
851
858
858
868
861
868
865
864
859
853
849
855
852
849
841
836
840
840
836
836
841
841
840
839
838
836
840
839
840
828
827
830
833
827
830
824
823
823
821
824
835
837
832
836
837
838
839
834
833
835
836
837
836
831
831
832
835
838
836
837
839
839
838
836
834
833
833
838
837
833
835
829
835
840
845
837
838
839
836
831
836
836
830
830
830
824
823
826
816
824
823
824
819
814
815
817
817
819
822
816
818
814
808
816
814
813
801
795
783
788
791
788
786
782
779
779
782
780
780
776
768
770
762
760
759
757
757
759
763
754
756
758
760
760
760
756
755
755
755
753
757
756
760
754
750
742
736
732
744
737
740
744
742
743
738
745
743
741
736
735
738
738
745
736
737
739
744
754
749
751
744
740
740
746
747
751
752
745
750
755
760
760
755
762
761
765
774
776
779
781
784
786
781
780
774
769
769
771
764
772
765
761
764
770
772
780
778
779
781
785
786
781
780
782
785
786
779
782
776
784
789
785
777
775
772
766
761
770
772
771
770
778
776
782
783
786
785
788
786
788
785
784
787
783
784
781
781
779
787
792
789
785
774
773
772
776
769
774
777
777
773
764
763
764
772
773
774
772
777
782
785
785
784
793
793
791
787
782
782
790
788
780
781
779
774
773
773
757
757
760
756
753
750
747
750
745
751
749
749
745
755
755
756
758
758
763
754
750
753
752
751
746
750
751
756
755
753
749
752
754
750
765
762
755
759
759
757
754
758
760
764
760
765
768
772
768
764
763
763
758
758
754
752
765
766
772
770
767
767
769
764
768
767
769
775
769
770
767
770
762
764
778
778
776
774
772
763
764
770
772
771
768
773
775
776
772
772
759
756
759
759
753
749
749
749
751
750
748
745
744
746
742
741
746
755
757
756
761
766
767
762
763
762
766
767
766
756
764
758
757
753
756
757
771
777
768
768
769
770
765
757
760
763
771
769
769
772
769
767
777
781
776
777
779
781
781
780
784
786
777
783
782
784
787
787
792
794
795
797
799
802
792
790
788
783
784
790
794
793
800
795
794
797
796
798
809
809
808
810
809
805
796
797
803
809
816
817
824
825
824
822
825
823
827
825
827
828
832
830
831
831
834
829
820
812
818
815
823
824
822
818
820
812
816
817
813
791
791
795
796
793
794
790
789
784
783
787
785
786
788
790
792
796
792
793
797
801
805
803
799
798
796
797
800
803
813
809
807
807
803
814
816
817
822
826
829
829
829
834
831
832
831
826
827
826
828
827
826
824
825
832
830
841
847
850
844
851
853
858
862
858
852
857
853
855
858
859
867
865
864
868
870
872
875
873
875
879
878
881
882
887
883
890
884
902
899
905
909
901
908
904
907
907
909
912
913
910
907
896
903
904
903
914
911
909
905
903
903
904
904
898
902
911
908
902
899
892
896
897
909
906
909
917
923
908
906
898
899
903
901
906
908
903
903
907
903
907
900
907
913
919
912
911
905
902
907
913
913
913
921
921
916
918
913
914
916
914
909
915
917
913
923
927
924
931
930
929
924
926
926
918
929
923
926
920
918
922
919
921
915
914
914
918
909
909
916
903
906
909
898
903
903
906
907
906
903
905
906
906
904
902
895
896
900
896
885
885
884
896
896
900
896
890
894
895
897
894
900
888
894
899
896
894
896
895
894
895
899
908
905
900
901
897
901
890
892
889
879
874
872
872
868
868
872
873
872
876
876
879
877
878
879
881
879
878
872
874
877
875
871
876
871
873
862
865
870
873
866
869
869
863
867
874
873
875
887
898
894
893
899
897
895
894
901
914
917
919
916
918
913
919
925
927
924
920
928
928
927
922
925
929
932
927
929
937
931
937
935
941
933
934
933
931
922
926
923
929
926
923
920
919
919
920
919
919
928
928
927
928
927
930
933
939
932
930
925
923
921
920
919
917
912
915
911
916
907
902
899
898
897
896
894
894
894
890
894
887
886
877
880
873
876
874
887
885
887
886
888
894
898
890
893
893
891
888
892
889
889
882
885
874
871
873
873
863
867
858
866
865
873
877
878
877
880
879
875
877
877
875
885
882
878
881
880
883
880
879
873
879
876
876
865
865
869
867
862
868
866
866
865
870
864
861
858
851
841
832
838
831
838
834
836
836
836
833
827
820
821
818
821
828
828
818
822
821
819
822
818
818
815
828
828
831
833
833
835
835
830
839
841
843
847
852
853
858
851
849
849
853
869
881
875
879
872
878
876
872
876
874
873
870
878
872
865
874
876
883
879
879
883
881
883
883
889
884
892
892
892
884
884
879
878
882
881
883
879
872
869
873
866
872
867
867
870
865
860
854
850
849
854
851
852
845
848
851
849
847
850
853
850
843
847
843
843
846
846
847
845
845
855
844
842
840
839
832
832
832
838
843
840
838
844
846
853
855
861
861
867
870
873
873
872
871
872
863
869
866
863
862
864
858
851
848
848
848
849
846
839
829
824
830
829
834
833
827
823
828
827
817
834
836
833
836
838
835
837
846
852
844
852
849
842
839
839
838
838
830
832
827
827
823
825
825
822
821
813
806
815
816
816
816
814
811
811
817
816
818
820
819
825
829
829
831
831
828
826
826
823
820
817
802
795
797
790
774
775
766
767
767
770
765
766
769
772
772
777
775
776
774
778
787
791
794
792
798
806
814
813
811
807
803
806
803
801
790
789
787
795
795
796
798
792
793
799
800
791
794
786
783
784
789
795
797
792
797
795
800
800
795
789
795
795
788
784
781
774
774
779
767
761
765
760
761
756
760
760
749
752
754
757
758
759
756
758
755
754
753
750
748
744
742
743
739
736
741
745
744
734
725
727
724
728
727
721
727
725
726
730
734
735
737
736
740
743
737
737
743
738
746
754
747
746
749
748
747
750
747
751
751
751
753
758
756
763
759
757
757
764
762
764
764
766
767
765
763
766
766
770
773
771
774
779
782
776
774
778
775
778
783
783
781
785
783
786
784
782
784
786
789
790
791
788
789
792
798
795
790
792
791
792
796
801
802
803
797
795
800
805
798
796
790
790
793
800
804
802
803
810
812
810
815
810
806
808
807
807
805
807
806
807
806
810
812
803
807
813
809
810
809
815
823
820
823
828
829
831
838
841
840
842
843
846
844
845
847
848
849
860
863
867
869
869
872
870
870
876
872
873
874
876
879
873
871
870
865
864
858
855
856
858
855
858
856
860
857
856
856
860
860
864
864
850
855
854
847
846
843
841
843
840
839
839
840
845
841
840
830
830
823
835
833
837
839
844
847
844
845
845
853
854
855
854
852
847
847
845
846
842
837
838
833
841
839
837
826
827
825
826
825
821
813
809
808
809
809
803
804
808
815
812
812
818
813
812
811
821
815
824
815
813
823
816
816
811
811
803
802
803
799
797
793
806
801
804
806
808
818
818
819
816
818
818
813
813
814
812
814
814
816
820
816
816
821
816
816
816
821
820
824
831
827
826
827
825
823
825
825
825
815
818
815
810
804
808
800
794
788
787
787
779
779
766
768
768
764
767
766
771
774
768
768
772
769
776
778
774
779
780
780
781
782
782
784
790
787
787
791
793
791
801
804
802
807
812
810
811
807
808
804
804
806
801
804
792
797
791
796
792
793
789
787
803
803
803
805
804
800
804
806
809
800
801
799
797
797
796
795
795
796
794
792
793
795
800
797
799
804
805
801
799
799
800
806
810
807
805
798
794
797
798
794
795
794
798
795
795
791
798
799
803
807
802
802
797
799
792
790
791
791
799
800
806
818
815
817
818
823
821
823
820
815
822
823
822
823
826
827
828
826
825
823
827
828
833
838
840
838
835
833
841
823
823
822
816
818
817
814
814
816
820
815
821
813
812
809
812
809
812
807
811
809
804
801
798
800
805
805
803
805
798
798
794
793
790
786
786
787
793
798
799
797
794
794
795
796
795
799
813
814
812
812
813
810
810
810
801
801
799
799
800
796
799
795
786
791
789
793
791
793
788
785
792
794
797
799
799
797
801
800
801
801
808
806
806
809
808
814
810
800
801
804
799
786
792
790
800
805
792
795
796
803
809
808
810
815
817
817
813
816
818
815
816
819
821
824
818
815
817
820
820
811
804
798
800
796
795
793
791
789
792
788
791
796
790
796
784
781
783
786
788
799
800
801
800
805
808
801
801
802
797
792
796
804
805
806
793
793
790
793
810
812
815
816
818
820
819
818
826
823
826
827
832
831
831
843
842
837
833
828
826
827
824
823
823
825
827
827
830
822
823
824
821
823
822
835
835
837
835
822
825
830
827
830
831
828
831
837
834
834
838
839
833
836
833
836
832
831
836
842
840
843
844
850
849
845
841
849
846
842
844
847
852
856
855
849
858
857
855
855
856
853
854
863
859
859
858
858
859
853
844
838
843
836
840
840
832
831
828
838
840
841
839
839
842
841
842
843
844
847
843
841
846
846
856
854
852
853
853
847
853
853
856
855
854
847
835
836
851
849
849
857
857
867
871
875
876
877
881
884
884
886
884
888
881
877
881
881
878
870
869
869
865
863
861
854
857
853
854
853
854
841
839
836
834
831
828
832
843
844
847
855
858
864
872
875
875
882
891
894
896
900
899
894
892
891
894
888
888
886
896
898
898
904
910
908
901
896
898
897
892
892
894
889
895
890
885
884
885
891
893
884
882
886
886
883
885
883
876
877
872
866
863
860
867
867
873
872
863
872
861
857
865
859
859
861
853
852
851
847
852
855
856
852
852
848
848
846
844
849
844
851
850
848
838
845
847
847
836
838
838
836
831
822
832
830
827
826
823
820
819
821
819
818
820
812
808
813
806
810
808
807
798
794
795
795
795
797
789
788
791
792
790
788
790
790
788
791
792
799
796
799
798
801
799
801
798
798
808
807
811
807
815
816
818
818
812
812
811
808
813
808
809
806
798
792
791
790
784
782
781
773
775
769
766
758
754
762
770
770
776
774
769
766
768
767
762
759
758
766
769
769
763
756
758
753
759
758
756
760
762
762
764
763
756
756
754
757
763
764
764
763
767
779
779
773
774
776
774
772
775
784
786
790
792
794
786
790
791
791
797
799
795
794
792
806
804
807
803
813
817
813
814
821
828
829
830
833
834
845
839
838
840
843
843
843
844
847
844
847
843
843
850
853
850
855
852
850
849
854
848
847
846
844
846
844
841
837
843
846
852
847
846
842
846
843
845
850
848
848
849
846
836
836
835
831
838
842
845
845
843
837
839
837
844
850
843
851
852
851
854
856
857
857
854
859
857
853
856
848
850
849
851
858
853
859
853
852
854
854
854
854
856
863
862
861
865
868
870
867
864
870
870
870
871
869
864
866
869
865
870
871
866
864
863
862
866
868
869
865
864
873
881
861
858
863
867
867
866
861
865
863
865
874
872
873
875
889
888
891
891
889
884
887
887
886
886
875
875
884
884
884
883
887
878
881
873
874
877
875
875
867
860
857
857
850
851
849
849
848
859
861
866
866
858
852
853
854
859
861
860
862
866
861
872
870
879
878
882
879
881
881
886
888
895
897
898
902
895
911
914
911
910
912
909
914
913
907
903
901
904
902
896
887
884
886
891
883
882
886
883
890
885
881
877
876
870
875
871
868
866
862
856
862
861
859
861
863
862
865
863
865
883
880
872
876
878
875
874
881
879
887
875
876
881
882
884
885
880
877
881
876
886
882
883
884
881
879
881
874
876
874
868
858
861
854
862
859
847
851
854
851
850
846
850
847
846
835
833
830
839
840
842
841
846
841
835
826
844
843
847
844
856
856
857
860
855
858
855
864
860
853
857
856
869
871
870
871
869
882
879
882
897
906
898
887
888
879
873
870
867
870
877
872
871
867
866
868
872
870
858
859
859
859
850
854
859
870
877
877
875
874
878
879
882
879
881
880
880
878
876
878
882
876
876
876
877
875
880
876
889
891
888
889
893
892
896
898
901
903
902
903
904
906
915
909
907
911
903
896
889
896
887
884
883
889
887
886
893
896
900
902
899
901
901
906
903
905
906
914
916
921
920
917
919
911
912
915
921
918
917
907
909
910
912
908
917
912
915
919
919
935
936
935
936
933
930
938
935
929
927
926
919
911
910
908
906
910
912
913
914
915
913
912
911
913
916
923
924
923
929
930
927
925
922
923
917
919
916
916
926
921
917
916
922
929
928
932
932
934
924
928
929
936
936
935
935
923
920
919
918
911
923
922
919
910
907
904
907
903
896
903
897
892
895
889
891
884
895
897
902
898
903
909
908
910
917
911
917
910
905
907
906
907
906
909
902
906
907
901
893
897
897
898
897
893
895
893
888
897
902
903
908
914
910
908
904
902
904
909
905
907
908
910
905
910
910
908
908
901
903
900
900
901
900
897
896
900
898
896
891
892
890
892
895
889
888
891
888
891
885
891
887
889
895
890
887
886
889
881
877
873
873
872
874
884
871
873
868
872
874
867
866
871
864
862
863
866
867
864
863
858
859
863
865
865
864
866
868
868
859
861
862
863
863
864
865
865
869
873
869
866
860
864
857
859
855
861
865
870
871
866
867
859
853
855
859
862
862
856
853
856
859
858
860
853
849
847
853
860
854
854
856
856
855
848
850
853
850
845
850
850
849
847
844
845
842
842
836
833
836
842
836
836
836
828
839
835
841
839
841
841
837
838
841
835
836
839
836
820
824
827
830
830
826
825
829
826
816
810
807
796
794
786
795
795
785
786
784
785
783
778
783
781
779
780
772
769
764
767
773
772
763
768
769
772
777
772
772
782
784
786
788
785
786
788
787
787
787
793
794
796
793
791
785
795
793
794
789
781
781
783
784
787
784
782
785
784
791
785
785
793
792
795
793
787
782
781
776
775
756
757
762
766
764
762
766
769
764
769
765
765
774
774
775
769
777
778
762
771
768
767
768
767
771
773
775
767
772
774
771
764
764
764
755
749
760
763
756
759
761
761
764
768
770
766
768
768
765
768
770
771
782
774
770
772
773
774
771
766
765
766
772
770
753
758
753
761
762
758
764
767
765
758
764
764
762
757
760
766
766
770
766
764
766
763
765
769
767
767
770
768
769
780
778
784
777
779
776
777
773
771
767
779
764
763
766
775
776
782
778
780
785
789
791
790
793
795
796
794
800
796
800
803
802
802
795
795
801
806
804
801
792
791
788
788
786
788
790
791
793
789
788
788
791
793
794
796
798
797
796
802
805
794
795
804
799
808
810
809
808
805
811
807
808
805
806
804
797
797
806
808
814
809
806
810
812
807
805
806
805
802
805
807
801
803
805
807
811
807
798
798
797
791
793
785
781
780
780
782
782
784
787
779
779
775
776
774
777
780
782
787
786
778
778
781
775
781
771
779
776
773
776
779
779
777
776
775
778
766
766
767
771
763
761
754
755
753
751
748
748
744
742
739
736
738
739
740
740
740
745
741
735
752
744
746
746
747
737
746
744
743
748
743
747
750
749
742
746
745
749
745
749
747
748
753
756
754
751
752
755
753
748
751
752
751
758
748
750
747
749
751
754
743
744
746
749
751
748
744
735
735
733
726
727
721
724
724
716
724
725
725
732
720
719
718
712
712
712
716
717
709
699
699
696
692
689
690
694
702
703
701
699
699
701
701
702
702
698
699
697
704
709
710
711
710
713
718
720
723
718
716
710
710
717
719
722
720
728
723
714
721
718
717
713
710
710
719
717
719
722
725
725
724
731
730
736
731
734
738
744
750
745
745
744
746
744
746
745
736
743
731
728
731
735
729
733
737
733
728
725
726
725
728
726
727
725
726
724
725
718
713
715
717
720
713
722
722
723
728
726
735
736
744
745
747
753
752
752
753
751
753
761
756
752
760
757
756
759
755
754
758
763
767
765
764
763
754
770
769
770
767
766
771
768
768
771
772
771
776
770
775
768
771
773
784
786
797
795
790
792
796
798
798
805
806
810
809
805
798
798
801
805
807
810
812
801
798
798
808
806
809
806
815
812
811
815
814
813
814
819
818
827
822
821
814
818
810
812
809
808
806
807
810
809
813
819
828
828
832
840
838
842
841
841
852
850
860
856
857
858
860
851
854
854
856
853
852
853
851
849
846
845
862
857
850
852
846
845
841
846
849
850
848
854
849
851
853
850
848
846
853
855
856
859
860
854
858
856
856
856
853
853
847
842
848
847
851
853
856
851
852
855
856
854
860
858
852
850
847
844
844
839
842
831
836
838
835
824
824
824
818
820
817
814
816
816
817
818
819
815
817
817
817
813
813
806
806
805
813
817
811
814
821
806
814
817
813
815
817
815
822
814
807
808
814
816
814
813
822
817
826
814
814
812
813
813
826
831
834
835
837
844
850
852
859
871
869
874
875
885
886
896
902
908
908
905
902
902
901
898
893
888
887
884
884
888
889
887
885
886
881
883
885
883
884
888
887
884
879
881
880
886
884
880
884
895
899
898
894
899
895
898
899
901
901
905
894
895
900
902
898
896
897
902
902
904
905
910
913
918
921
924
926
925
923
912
913
911
916
910
907
906
907
906
906
910
916
914
912
919
923
915
914
908
912
912
911
913
909
921
920
922
918
921
916
921
923
922
921
915
915
916
911
913
913
920
918
916
918
910
913
917
912
908
904
901
902
903
905
899
894
892
901
903
907
904
906
909
905
900
899
895
893
892
890
887
889
889
888
892
888
881
881
878
874
869
866
860
862
864
865
867
866
872
876
874
877
875
876
871
868
873
870
877
888
882
886
885
883
881
888
889
883
888
891
893
892
893
896
900
899
896
891
887
892
889
884
884
886
880
879
890
886
893
894
891
888
901
902
900
904
900
899
902
896
898
902
905
912
907
900
895
901
903
904
910
902
896
900
905
906
905
907
903
905
906
912
910
898
889
889
891
899
908
914
910
914
916
920
910
909
907
896
901
903
904
903
895
889
891
882
876
876
876
882
885
885
876
882
879
868
873
868
876
873
874
870
871
865
858
858
868
868
856
848
845
852
844
844
845
842
842
848
847
853
857
863
865
871
869
868
869
874
874
869
868
865
865
870
875
875
876
872
883
879
877
880
880
878
882
881
876
874
876
866
866
862
869
859
855
857
857
863
860
854
860
855
853
854
849
846
848
852
855
843
843
841
845
849
846
848
842
841
834
833
833
831
832
824
823
820
815
826
827
829
827
824
825
821
810
818
818
821
823
819
826
821
820
825
829
830
832
834
839
831
838
835
835
829
834
831
838
833
833
842
829
827
829
830
826
834
836
840
843
849
840
842
846
848
848
847
850
849
851
850
844
840
837
838
834
832
834
836
834
830
837
841
839
845
852
853
852
845
849
849
858
862
863
864
865
860
868
864
859
868
857
861
858
853
853
853
854
846
846
847
849
853
849
853
854
844
843
840
841
842
842
841
842
841
843
833
841
842
842
841
839
840
837
837
836
835
834
832
832
829
828
833
838
836
830
830
829
825
825
826
836
841
844
844
842
840
840
830
839
849
855
855
853
854
862
860
857
860
859
856
863
870
886
885
887
891
893
893
888
887
882
888
885
889
885
889
887
886
885
891
890
890
888
890
892
890
898
893
892
887
889
892
894
893
893
886
888
890
891
895
892
895
890
891
890
891
890
893
889
883
888
884
891
881
883
884
888
887
888
889
892
886
876
895
895
890
888
889
887
891
888
891
896
899
902
904
911
908
904
905
913
915
916
918
916
921
922
925
928
926
925
925
923
923
927
930
922
921
920
914
910
906
926
924
933
935
936
931
932
942
942
942
946
948
950
956
953
964
964
955
962
952
949
947
945
951
943
942
946
942
952
951
947
953
958
960
959
955
950
953
953
947
947
946
951
950
949
951
942
943
950
948
942
936
932
927
928
940
934
938
934
931
940
937
934
936
928
924
926
921
924
925
924
922
922
921
924
925
919
920
918
917
920
912
918
917
916
916
916
916
918
919
916
920
923
919
919
925
929
931
929
930
926
923
925
919
918
917
910
917
911
898
902
901
897
895
898
898
906
904
901
903
902
899
894
902
900
899
892
889
892
889
890
891
894
896
885
876
882
882
878
879
880
875
869
871
878
879
881
886
880
864
867
871
875
872
875
877
882
872
865
869
870
875
871
873
876
882
887
892
885
892
896
890
894
895
894
894
897
902
902
900
905
905
901
898
896
897
903
895
903
907
908
916
914
910
909
913
914
922
924
921
919
921
921
919
932
937
932
930
940
930
933
931
933
943
942
939
938
942
944
943
946
942
948
943
946
946
955
955
954
948
947
948
951
955
956
955
953
954
950
940
936
940
938
940
939
931
937
931
939
939
935
935
952
954
962
954
952
952
949
951
953
950
959
955
965
963
968
968
965
963
963
967
961
964
953
961
963
968
973
969
968
968
973
970
967
975
973
970
971
970
979
973
974
976
979
974
982
993
979
979
981
984
984
973
977
987
985
986
987
986
982
976
968
963
963
964
952
952
960
959
958
955
964
961
953
958
953
958
946
947
943
949
955
953
946
943
949
948
946
945
945
943
943
946
946
947
943
947
946
950
956
952
957
960
953
948
948
946
939
941
935
940
937
936
931
937
932
931
930
930
919
909
909
911
909
918
911
916
910
919
922
921
918
914
910
912
914
915
913
904
912
910
909
908
908
905
908
907
906
894
893
888
885
878
875
873
871
872
870
868
863
860
864
862
863
854
853
853
865
860
862
861
868
870
867
870
871
869
870
868
869
875
877
878
879
880
874
880
871
864
871
877
885
888
893
896
894
896
898
897
901
900
896
896
893
893
897
903
904
893
899
893
894
895
888
887
878
867
865
863
856
849
858
856
863
865
874
880
891
886
892
894
892
890
901
895
891
895
896
890
894
891
890
885
885
885
882
885
893
889
886
887
886
890
889
890
900
896
895
888
880
898
902
902
905
918
920
919
920
920
929
933
934
932
927
928
924
925
919
913
919
917
926
923
920
925
924
921
918
915
912
915
922
921
927
930
936
934
937
941
949
957
960
964
965
962
970
965
960
957
958
967
969
958
952
953
952
947
946
947
944
946
944
946
940
938
931
939
938
950
951
948
949
948
950
942
949
939
949
950
948
940
945
944
944
937
938
939
934
933
932
931
928
930
935
928
926
925
923
927
925
926
926
919
920
918
922
918
932
932
928
933
931
939
930
929
925
920
918
906
901
906
899
900
888
889
891
891
890
893
890
888
889
889
892
895
888
894
893
881
880
882
885
885
880
885
885
881
882
888
885
889
890
892
883
880
874
878
878
875
865
876
869
874
880
879
880
891
894
888
897
909
907
907
909
908
909
904
903
896
899
897
902
908
906
911
906
906
907
909
913
904
900
911
903
897
895
895
888
887
882
886
890
896
897
895
902
906
909
906
906
904
910
922
914
917
919
918
911
910
908
909
909
908
915
915
922
916
916
915
913
918
918
914
919
918
914
907
916
913
910
915
921
917
915
907
905
908
907
903
905
907
908
907
908
909
907
907
904
897
897
898
889
889
884
880
887
893
889
891
894
888
882
876
868
864
867
864
859
864
869
866
864
862
864
868
866
869
863
861
859
857
856
848
845
844
846
845
846
846
843
841
839
838
839
841
836
843
840
839
831
830
835
831
830
828
824
826
819
818
814
813
803
811
813
811
812
813
817
819
825
831
826
820
822
817
821
822
812
816
817
821
828
833
836
837
835
833
829
827
829
823
823
817
816
815
825
821
813
814
820
818
822
823
820
822
817
819
820
823
830
835
837
838
841
844
848
849
856
852
848
838
842
851
850
845
846
844
845
838
837
840
839
831
836
839
841
838
843
846
846
840
842
843
842
842
833
838
845
847
850
851
855
853
857
858
857
852
862
867
869
865
875
873
871
870
892
891
891
894
892
894
898
898
895
891
890
891
890
886
896
893
897
905
906
910
903
901
906
905
912
911
916
923
923
929
935
931
928
936
930
924
918
923
929
922
920
921
918
917
917
918
918
913
909
908
909
907
905
902
899
891
897
899
895
884
880
874
879
882
884
883
884
882
877
867
867
875
875
876
873
875
876
875
878
882
876
886
891
892
891
896
896
901
905
906
896
898
906
901
895
885
889
884
883
881
879
875
875
880
882
878
877
868
874
876
874
884
883
885
888
890
889
885
884
889
887
882
882
884
892
894
897
901
905
902
906
908
900
906
909
903
906
901
895
901
904
901
897
898
895
898
912
907
906
900
897
893
892
890
888
893
895
893
890
894
901
907
897
897
892
885
890
889
881
883
884
877
878
882
883
883
893
882
891
889
889
887
891
891
896
902
905
904
901
900
908
905
902
900
900
900
899
897
897
907
912
907
906
906
911
906
908
898
898
903
904
896
897
890
890
893
893
888
883
882
887
887
891
890
892
892
890
900
895
894
890
889
876
875
876
879
878
868
867
869
869
868
872
872
874
863
865
865
863
868
871
870
871
875
872
874
868
870
871
875
875
874
869
872
875
876
873
875
876
872
874
875
873
877
869
865
870
866
866
863
859
858
863
865
869
875
878
880
876
870
867
874
875
877
864
866
864
869
867
878
872
872
883
881
884
888
885
886
886
884
885
875
881
884
886
883
884
887
888
895
897
896
897
898
896
902
900
898
902
902
905
905
904
898
899
903
904
903
905
901
899
905
905
905
906
915
915
912
922
928
920
922
931
936
940
940
947
953
955
952
949
952
960
953
955
949
960
958
959
961
960
969
967
957
956
951
950
947
944
948
953
959
958
959
950
955
953
951
949
952
961
960
961
963
955
956
956
959
958
968
967
971
965
955
957
954
950
954
949
945
947
930
925
924
921
923
921
915
914
907
911
908
911
917
921
930
922
922
926
924
943
943
938
934
935
932
935
935
942
939
941
942
924
931
934
934
935
936
931
941
934
932
925
921
932
930
931
935
928
930
931
931
919
920
919
919
923
924
928
924
918
921
917
918
916
913
914
915
909
904
900
899
890
887
891
893
889
886
873
874
876
878
886
880
879
878
883
884
886
882
880
881
882
886
879
876
879
878
868
868
866
861
862
858
868
870
870
879
876
878
871
865
867
869
871
872
873
867
871
872
879
880
878
877
876
883
884
879
871
862
868
858
855
862
859
849
851
848
839
854
854
849
849
851
850
856
854
853
846
848
849
845
845
846
846
842
835
836
832
832
832
848
845
837
832
833
827
832
832
827
829
818
824
819
826
823
818
818
816
812
812
812
814
811
811
815
819
819
819
813
811
809
812
821
826
825
824
831
837
836
830
826
830
831
834
828
821
817
814
807
807
813
812
809
810
809
810
809
805
803
818
813
812
815
808
810
804
804
809
813
821
817
814
813
813
807
802
800
803
800
799
798
793
793
799
807
815
816
824
826
829
838
842
845
833
821
820
822
819
816
816
825
826
830
833
826
830
835
838
834
828
827
824
826
830
829
832
832
835
837
838
835
833
831
832
836
838
844
839
832
830
829
831
825
827
823
826
832
826
827
821
817
825
823
818
821
817
821
826
820
818
822
820
830
828
824
825
819
823
817
821
822
817
810
816
816
820
816
815
819
814
816
818
814
808
809
810
805
811
811
811
814
812
809
808
809
804
802
803
800
799
804
813
809
807
801
813
815
818
818
815
814
816
818
818
815
813
816
815
816
806
798
795
809
808
808
807
804
816
826
818
821
820
817
821
820
817
814
814
813
813
812
815
816
808
795
786
788
788
783
787
782
782
777
778
783
783
789
791
799
800
787
790
791
788
790
793
794
790
790
789
785
789
787
785
784
783
783
779
779
775
776
778
773
768
773
772
773
777
784
785
782
785
780
790
784
784
788
785
781
786
777
774
772
775
773
771
767
768
769
768
763
762
762
756
759
755
752
754
751
761
755
761
760
763
757
753
752
754
756
753
751
747
745
747
747
748
749
745
747
752
746
744
747
748
748
742
741
747
741
748
751
754
753
756
763
762
766
773
772
773
777
778
780
782
785
790
791
789
792
790
792
795
796
797
797
803
800
807
799
796
800
799
799
796
790
796
792
790
798
796
797
804
804
805
807
806
805
795
792
794
802
814
807
811
810
809
808
808
807
809
823
827
823
826
829
838
829
833
828
831
822
821
828
835
837
840
833
837
837
832
838
840
843
848
850
852
852
852
851
841
838
838
837
840
829
835
836
843
839
842
850
855
858
860
863
862
863
865
867
870
885
883
874
867
869
872
875
875
874
865
855
873
872
871
870
870
873
872
873
872
881
876
878
879
883
880
880
889
876
878
879
885
884
885
883
875
875
880
877
873
883
878
873
888
886
884
885
884
880
883
881
880
884
873
881
882
876
874
875
872
870
880
879
880
878
879
883
875
874
873
874
877
888
886
889
890
881
883
877
878
878
881
878
878
877
882
882
892
895
896
895
889
885
887
882
882
883
884
880
877
874
871
869
867
871
862
866
866
862
861
858
870
868
863
857
861
860
854
856
849
850
852
850
844
840
847
845
846
845
848
850
850
854
853
851
845
841
840
836
838
829
832
832
831
830
823
825
835
839
840
839
840
846
846
858
851
853
859
859
862
863
865
858
872
876
875
875
875
872
873
873
867
875
871
873
870
867
865
870
869
866
866
865
863
867
876
878
879
889
883
876
869
876
870
872
870
872
876
876
869
868
865
861
868
868
864
865
864
869
868
874
874
874
884
883
892
882
878
882
882
881
879
875
871
871
861
858
858
857
858
865
865
856
855
862
865
855
862
863
859
858
861
856
854
853
845
862
866
866
865
878
880
888
892
896
893
893
896
892
887
886
887
887
893
896
890
896
897
905
912
910
907
901
897
895
890
875
876
881
882
875
874
870
869
867
865
869
874
868
874
872
882
877
877
879
877
879
876
864
862
854
855
852
848
845
845
857
849
848
847
849
849
842
841
836
830
835
831
821
822
822
821
824
825
826
825
822
831
831
831
836
833
844
843
846
846
841
840
843
845
846
856
856
852
849
846
841
844
844
842
849
841
849
848
847
847
850
844
839
834
838
836
839
834
833
829
824
826
832
829
830
835
840
850
846
849
848
845
848
851
850
851
860
859
856
854
847
847
848
847
851
846
843
846
843
843
843
847
837
837
830
825
824
816
818
809
813
809
815
816
817
815
807
804
800
803
803
804
797
789
782
785
788
801
798
810
814
811
805
801
800
803
801
805
803
797
795
797
789
791
786
786
787
788
782
780
790
790
788
788
789
795
802
810
810
813
802
804
806
807
807
810
810
804
804
800
798
795
792
800
795
802
804
803
797
793
797
791
789
787
791
793
794
782
791
792
781
775
772
775
774
770
770
771
771
778
772
773
776
782
778
786
783
780
770
780
781
782
789
790
791
798
796
789
792
791
798
801
800
797
795
785
788
780
784
785
778
780
788
787
786
783
780
781
785
782
779
780
781
782
781
783
789
793
793
795
799
796
800
788
796
794
801
805
809
803
798
805
809
806
804
806
814
822
814
814
815
828
829
823
821
820
817
815
810
812
803
801
802
803
802
798
810
808
809
814
819
819
822
824
831
835
833
836
836
836
836
835
840
840
840
839
835
835
824
824
827
824
819
823
820
819
822
818
819
814
813
814
807
804
806
809
814
813
813
815
815
816
821
820
823
825
826
835
831
834
833
828
832
832
819
816
817
818
816
825
825
819
818
822
823
818
825
832
825
826
828
826
823
824
826
831
825
822
818
820
821
819
815
812
824
832
835
838
842
848
846
844
834
834
834
844
842
843
843
841
835
836
835
836
840
838
836
838
832
830
832
827
830
826
823
824
822
820
820
821
826
825
838
832
837
840
833
834
841
841
835
844
841
834
838
839
842
849
856
859
855
857
857
859
873
862
868
867
864
864
862
859
863
861
862
866
868
867
853
847
852
851
842
839
840
846
845
849
849
855
856
858
867
870
864
865
860
863
863
862
859
853
846
846
836
831
831
825
822
821
814
815
810
803
800
792
786
781
765
764
760
754
756
749
745
730
727
723
725
717
711
707
706
699
693
691
688
679
670
665
657
647
646
638
633
627
626
623
621
618
611
608
597
590
590
577
571
565
556
553
547
544
532
527
522
506
504
496
490
483
479
478
472
464
460
455
450
436
430
428
421
